0.0 3.82923 6.036033 9.531336 11.736247 14.668521 16.968801 17.616754 17.300109 19.583805 20.222775 16.685371 14.410063 16.289514 17.071955 14.492829 13.172367 10.037658 8.63493 5.80708 7.318704 7.4945 4.325268 6.636233 8.45379 6.175278 7.4394 10.504958 12.012169 10.970646 10.318736 13.098155 15.432823 15.782751 13.903932 10.807585 9.064328 5.916009 6.554856 8.700551 12.132187 13.830072 13.140388 12.48907 16.033897 17.662772 16.555896 18.882879 21.35024 21.773365 23.128698 25.78998 29.367405 32.563666 32.344968 33.494797 
3.82923 0.0 3.766172 6.952098 9.639683 12.678061 14.988234 15.490413 15.789198 18.237241 18.224481 14.659775 12.153734 13.512534 14.328074 11.681341 9.863486 6.434847 5.184495 3.669541 6.634791 8.562945 6.724172 9.598267 10.226311 7.369616 9.672519 12.77526 13.244069 11.210006 11.111752 14.541442 16.116331 15.549775 13.105584 9.784598 8.591668 6.19532 4.76586 7.747889 10.709763 12.936691 11.598087 10.009863 13.634653 15.372947 13.731024 15.782202 18.613349 19.067721 19.993015 22.760246 26.302364 29.442574 29.11236 30.480356 
6.036033 3.766172 0.0 3.764957 5.951705 9.053943 11.302972 12.06962 12.554296 15.394414 15.579013 12.327007 9.295344 10.500316 11.045387 8.597505 7.351777 4.95704 4.925942 4.734449 6.049255 8.779142 8.105921 9.974716 9.2994 5.894853 8.496655 11.412312 10.909717 8.162895 8.484039 12.184775 13.093896 12.063924 9.454135 6.143623 5.800396 5.148666 4.546776 8.366496 11.442046 12.856399 10.565372 9.420112 13.242864 14.060718 12.028621 14.706295 17.489592 17.21648 18.290601 21.39623 24.722202 28.111544 28.224894 29.846011 
9.531336 6.952098 3.764957 0.0 3.797133 5.931675 8.726071 10.213658 11.761947 15.109457 14.953538 12.271288 8.63799 8.475944 7.950656 4.969937 4.839124 3.929873 6.344414 7.9399 9.043397 12.141652 11.826526 13.329509 12.134193 8.652298 10.736967 13.559957 12.267212 8.742034 8.981352 12.78281 12.874727 10.830971 8.315047 4.986762 5.28486 6.515184 5.2765 8.613263 10.954378 11.862199 8.720626 7.577663 11.17992 11.252125 8.819586 11.825778 14.533966 13.799035 14.904084 18.164982 21.333995 24.839144 25.238008 27.007115 
11.736247 9.639683 5.951705 3.797133 0.0 3.791861 5.355107 6.686628 8.153586 11.707097 11.877015 9.704944 5.938199 6.001207 5.788591 4.67516 5.130372 6.452926 7.99249 9.422721 9.074214 12.185771 12.920698 13.81621 11.602901 8.734319 11.035325 12.934667 10.653815 6.948956 8.459272 11.870921 10.947967 8.45683 5.252682 3.487672 6.370027 8.856834 8.794502 12.173092 14.602815 15.061597 11.66636 10.987515 14.313945 13.642191 10.907884 14.079406 16.6981 15.174128 16.124335 19.697855 22.446179 26.094012 26.856672 28.952422 
14.668521 12.678061 9.053943 5.931675 3.791861 0.0 3.803652 7.019436 9.446951 13.25403 13.445251 12.186457 8.513877 7.127535 4.740903 3.851211 6.762504 8.875967 11.317811 13.026492 12.815367 15.757295 16.277222 16.793536 14.578606 11.651826 13.10497 14.962338 12.418682 8.648681 9.411028 12.379443 10.794925 7.422966 5.510052 4.809614 7.230413 10.544229 10.572614 13.213161 15.111866 14.788483 11.089497 11.127497 13.807233 12.147896 9.644444 13.10453 15.1112 12.904151 14.232758 17.772598 20.203629 23.978761 25.215228 27.307538 
16.968801 14.988234 11.302972 8.726071 5.355107 3.803652 0.0 3.789042 6.571567 10.255486 10.472652 10.119911 7.060852 5.606639 4.066831 6.154335 8.040477 10.957847 12.718574 14.458292 13.504554 16.428859 17.764241 18.130087 15.28113 13.071274 14.910649 15.960965 12.777605 9.408975 11.308454 13.740697 11.331854 7.859828 5.474446 6.942705 10.295837 13.583245 13.774393 16.750011 18.739581 18.580881 14.868195 14.619766 17.242591 15.525091 12.695108 15.792453 17.953905 15.41413 16.165709 19.878652 21.871297 25.606468 26.977786 29.425291 
17.616754 15.490413 12.06962 10.213658 6.686628 7.019436 3.789042 0.0 3.818848 7.035909 6.702743 6.780602 4.651519 3.886327 5.171384 8.157773 8.375803 11.446733 12.300192 14.066046 12.680014 15.65616 17.681556 18.305642 15.153553 13.574204 16.094097 16.701519 13.39539 10.505496 13.266316 15.656176 13.284583 10.378762 7.27009 8.976998 12.616077 15.406989 15.393232 18.769004 20.892134 21.282255 17.629874 16.761895 19.572147 18.320108 15.096094 17.766596 20.395213 18.079691 18.189 22.01396 23.931838 27.517894 28.623385 31.330033 
17.300109 15.789198 12.554296 11.761947 8.153586 9.446951 6.571567 3.818848 0.0 3.826385 5.377851 5.453995 4.854994 6.692105 8.772969 11.115812 10.802389 13.109835 12.97797 13.835198 11.523689 13.866848 16.469322 16.657953 13.135415 12.474752 15.059096 14.865753 11.4234 9.445264 12.856544 14.713709 12.372416 10.388537 7.232963 9.604777 13.361778 15.874643 16.48375 20.095247 22.701775 23.159684 19.733442 19.021082 22.190364 21.198013 18.134099 20.959329 23.666232 21.511394 21.80586 25.621125 27.669944 31.27039 32.2964 34.941274 
19.583805 18.237241 15.394414 15.109457 11.707097 13.25403 10.255486 7.035909 3.826385 0.0 3.819432 5.331522 7.156789 9.397736 12.076315 14.645886 13.794119 15.94907 15.148179 15.717147 13.004066 14.855243 18.026495 18.173466 14.528322 14.728021 17.469767 16.67985 13.361537 12.254473 15.892912 17.372078 15.077178 13.64475 10.730945 13.136906 16.803976 18.997724 19.620946 23.347839 26.03803 26.721126 23.36737 22.445683 25.666817 24.848751 21.659591 24.274031 27.143901 25.036774 25.040633 28.879329 30.806721 34.307114 35.233004 38.036442 
20.222775 18.224481 15.579013 14.953538 11.877015 13.445251 10.472652 6.702743 5.377851 3.819432 0.0 3.820896 6.390917 7.789794 10.988064 13.871053 12.475784 14.967101 14.262008 15.583625 13.540297 16.006063 19.033411 19.894736 16.542604 16.237267 19.376589 19.19546 16.066142 14.32869 17.788337 19.858056 17.707166 15.72484 12.436753 14.178474 17.761048 19.800333 19.685839 23.389043 25.697157 26.727764 23.275553 21.812449 24.80557 24.15206 20.662085 22.796285 25.879656 23.904862 23.354145 27.176811 28.982928 32.298711 33.011408 35.992662 
16.685371 14.659775 12.327007 12.271288 9.704944 12.186457 10.119911 6.780602 5.453995 5.331522 3.820896 0.0 3.822427 6.605671 10.259785 12.234287 10.160787 11.957745 10.72113 11.843864 9.906129 12.576913 15.491855 16.724212 13.664105 13.205442 16.643545 16.827027 14.148079 12.299559 15.64841 18.101383 16.601299 14.87492 11.203367 12.078921 15.32944 16.847673 16.5899 20.361952 22.796123 24.12308 20.896161 19.237224 22.459651 22.273795 18.852214 20.99838 24.272159 22.741541 22.345033 26.126974 28.362333 31.693013 32.112222 34.873293 
14.410063 12.153734 9.295344 8.63799 5.938199 8.513877 7.060852 4.651519 4.854994 7.156789 6.390917 3.822427 0.0 3.820778 7.074514 8.556845 6.827878 8.854456 8.48793 10.042624 8.655782 11.873781 14.079514 15.324469 12.451144 11.035092 14.298828 15.12503 12.447177 9.791415 12.750586 15.600212 14.202223 12.077763 8.294314 8.622838 11.849564 13.637067 13.299946 17.000735 19.376617 20.484192 17.167322 15.688541 18.922038 18.584396 15.266913 17.685865 20.822334 19.271006 19.214903 22.98784 25.394648 28.850529 29.384066 31.961124 
16.289514 13.512534 10.500316 8.475944 6.001207 7.127535 5.606639 3.886327 6.692105 9.397736 7.789794 6.605671 3.820778 0.0 3.829577 6.278566 5.170192 8.52736 9.576656 12.120364 11.654733 15.137673 16.809624 18.2138 15.575154 13.524565 16.454924 17.755193 14.989097 11.762857 14.133981 17.180917 15.487255 12.587618 9.17462 9.29103 12.34468 14.53485 13.606468 16.942093 18.712352 19.656499 16.063889 14.445071 17.174633 16.438289 12.88555 15.069674 18.116597 16.291182 15.919738 19.741513 21.906673 25.345599 26.026678 28.750392 
17.071955 14.328074 11.045387 7.950656 5.788591 4.740903 4.066831 5.171384 8.772969 12.076315 10.988064 10.259785 7.074514 3.829577 0.0 3.86378 5.319673 8.927041 11.232917 13.882298 13.836246 17.269421 18.348811 19.501042 17.065039 14.467377 16.748925 18.413559 15.645964 12.029915 13.621035 16.650264 14.799742 11.376065 8.744531 8.646724 11.320798 14.033352 13.094282 15.917728 17.307959 17.677318 13.890773 12.760982 15.055158 13.632573 10.239356 12.7382 15.309093 13.026861 13.044851 16.867339 18.933015 22.539587 23.598764 26.208307 
14.492829 11.681341 8.597505 4.969937 4.67516 3.851211 6.154335 8.157773 11.115812 14.645886 13.871053 12.234287 8.556845 6.278566 3.86378 0.0 3.83053 6.377249 9.507051 12.117582 12.846051 16.242077 16.5329 17.872789 16.071718 12.899431 14.881547 17.232953 15.094778 11.284715 11.966869 15.389513 14.325167 11.178193 8.838569 7.120277 8.654675 11.005152 9.657354 12.181465 13.45862 13.863104 10.113296 8.945298 11.445762 10.305407 7.025864 9.986635 12.603503 10.865373 11.498584 15.146193 17.809544 21.445325 22.271305 24.471151 
13.172367 9.863486 7.351777 4.839124 5.130372 6.762504 8.040477 8.375803 10.802389 13.794119 12.475784 10.160787 6.827878 5.170192 5.319673 3.83053 0.0 3.8136 6.364216 9.550394 10.630042 14.297371 14.833138 16.819781 15.140858 12.2306 14.983193 17.301863 15.412375 11.868741 13.116333 16.753922 16.052133 13.367543 10.253401 8.321051 9.914767 11.281558 9.340828 12.369553 13.799526 15.167908 11.796417 9.583886 12.433965 12.397846 8.891957 10.972864 14.292751 13.307338 13.177475 16.773614 19.591764 22.967019 23.228582 25.544812 
10.037658 6.434847 4.95704 3.929873 6.452926 8.875967 10.957847 11.446733 13.109835 15.94907 14.967101 11.957745 8.854456 8.52736 8.927041 6.377249 3.8136 0.0 3.771019 6.833311 9.024198 12.476246 12.234052 14.682179 13.803515 10.675092 13.38733 16.189643 15.124965 11.880296 12.535436 16.346513 16.531707 14.505986 11.559614 8.637084 8.962033 9.013052 6.400734 9.496228 11.165346 13.16169 10.400737 7.789559 11.123202 12.117821 9.227274 11.120241 14.476097 14.373948 14.587067 17.775253 21.031877 24.250368 24.111485 26.018011 
8.63493 5.184495 4.925942 6.344414 7.99249 11.317811 12.718574 12.300192 12.97797 15.148179 14.262008 10.72113 8.48793 9.576656 11.232917 9.507051 6.364216 3.771019 0.0 3.74645 6.230414 9.642744 9.795609 12.728235 11.97202 9.533426 12.836925 15.2477 14.506838 11.921078 13.121288 16.741478 17.210141 15.782325 12.502945 9.91386 10.485248 9.820047 7.82011 11.199353 13.367188 15.71259 13.415007 10.928546 14.359731 15.719534 12.97669 14.664922 18.095934 18.135069 18.187497 21.351336 24.590468 27.705175 27.346183 29.281273 
5.80708 3.669541 4.734449 7.9399 9.422721 13.026492 14.458292 14.066046 13.835198 15.717147 15.583625 11.843864 10.042624 12.120364 13.882298 12.117582 9.550394 6.833311 3.74645 0.0 3.730285 6.334991 6.122161 9.3143 9.118377 7.180309 10.503495 12.737503 12.731596 10.971876 12.035134 15.310592 16.404734 15.820615 12.794805 10.222131 10.337681 8.854419 7.951282 11.301687 14.135912 16.362133 14.582079 12.726548 16.374575 17.863833 15.607579 17.60309 20.783992 20.898663 21.383078 24.457573 27.811632 30.979483 30.645167 32.366719 
7.318704 6.634791 6.049255 9.043397 9.074214 12.815367 13.504554 12.680014 11.523689 13.004066 13.540297 9.906129 8.655782 11.654733 13.836246 12.846051 10.630042 9.024198 6.230414 3.730285 0.0 3.745051 5.652676 7.769455 6.340679 5.517589 9.275612 10.484394 10.062591 8.926359 10.86805 13.656953 14.439814 14.241456 11.131005 9.508732 10.542098 9.869245 10.204409 13.79836 16.981055 18.672318 16.601509 15.275844 19.052114 19.984822 17.593627 20.016963 23.122366 22.704609 23.311949 26.636101 29.800967 33.148304 33.122193 35.025056 
7.4945 8.562945 8.779142 12.141652 12.185771 15.757295 16.428859 15.65616 13.866848 14.855243 16.006063 12.576913 11.873781 15.137673 17.269421 16.242077 14.297371 12.476246 9.642744 6.334991 3.745051 0.0 3.821732 5.168825 4.491413 5.72879 8.674961 9.052121 9.694435 9.977182 11.613172 13.606435 14.988775 15.715105 13.134476 11.800442 12.365676 11.171305 12.304787 15.503155 18.935307 20.496221 18.890743 17.965411 21.759914 22.806954 20.75846 23.279351 26.227171 25.905553 26.757643 29.996147 33.240447 36.603077 36.563842 38.313397 
4.325268 6.724172 8.105921 11.826526 12.920698 16.277222 17.764241 17.681556 16.469322 18.026495 19.033411 15.491855 14.079514 16.809624 18.348811 16.5329 14.833138 12.234052 9.795609 6.122161 5.652676 3.821732 0.0 3.818827 5.758303 5.592108 7.53355 9.09714 10.779893 10.827982 11.228873 13.369537 15.535842 16.405208 14.270725 12.073918 11.4283 9.17088 10.357837 12.951808 16.40846 18.029234 17.035981 16.313131 19.993229 21.399032 19.875128 22.305492 25.014197 25.113847 26.254188 29.193212 32.64624 35.923174 35.750892 37.155589 
6.636233 9.598267 9.974716 13.329509 13.81621 16.793536 18.130087 18.305642 16.657953 18.173466 19.894736 16.724212 15.324469 18.2138 19.501042 17.872789 16.819781 14.682179 12.728235 9.3143 7.769455 5.168825 3.818827 0.0 3.830161 5.150006 5.465524 5.905297 8.480651 9.713295 9.844659 10.972553 13.498112 15.188102 13.738472 12.132631 11.499315 9.744753 12.113257 14.511407 18.200497 19.121272 18.159393 18.180097 21.8657 22.8102 21.53479 24.371489 26.784689 26.550183 28.072518 31.057625 34.42378 37.855902 37.997637 39.356472 
8.45379 10.226311 9.2994 12.134193 11.602901 14.578606 15.28113 15.153553 13.135415 14.528322 16.542604 13.664105 12.451144 15.575154 17.065039 16.071718 15.140858 13.803515 11.97202 9.118377 6.340679 4.491413 5.758303 3.830161 0.0 3.76421 5.401923 4.665012 5.55912 6.956007 8.373093 9.535576 11.122423 12.60593 10.841405 10.067701 10.614609 10.123583 12.502425 15.531798 19.225656 19.955012 18.282419 18.247497 22.040267 22.489334 20.779962 23.822417 26.352833 25.623068 27.001566 30.25828 33.398892 36.954557 37.339286 39.000938 
6.175278 7.369616 5.894853 8.652298 8.734319 11.651826 13.071274 13.574204 12.474752 14.728021 16.237267 13.205442 11.035092 13.524565 14.467377 12.899431 12.2306 10.675092 9.533426 7.180309 5.517589 5.72879 5.592108 5.150006 3.76421 0.0 3.827747 5.738492 6.023225 5.283456 5.975378 8.4799 10.121028 10.818532 8.908543 7.040222 7.058519 6.533068 8.876577 12.00644 15.666431 16.346061 14.539311 14.530814 18.309953 18.739466 17.128471 20.203807 22.642723 22.002475 23.489692 26.652358 29.856529 33.395384 33.784818 35.352708 
7.4394 9.672519 8.496655 10.736967 11.035325 13.10497 14.910649 16.094097 15.059096 17.469767 19.376589 16.643545 14.298828 16.454924 16.748925 14.881547 14.983193 13.38733 12.836925 10.503495 9.275612 8.674961 7.53355 5.465524 5.401923 3.827747 0.0 3.842134 5.748769 6.099727 4.70155 6.027999 8.911406 10.607743 10.056772 8.3243 7.163283 6.466897 9.923173 12.142093 15.874219 15.835517 14.554825 15.468653 19.017617 19.231823 18.309927 21.596849 23.523546 22.881242 24.900381 27.828803 31.046757 34.621121 35.199866 36.476227 
10.504958 12.77526 11.412312 13.559957 12.934667 14.962338 15.960965 16.701519 14.865753 16.67985 19.19546 16.827027 15.12503 17.755193 18.413559 17.232953 17.301863 16.189643 15.2477 12.737503 10.484394 9.052121 9.09714 5.905297 4.665012 5.738492 3.842134 0.0 3.831865 6.558998 6.474226 5.86198 8.333341 10.957511 10.687395 10.2874 10.211729 10.220462 13.570605 15.970361 19.698113 19.558031 18.121157 19.04927 22.632458 22.600218 21.474145 24.868489 26.851018 25.891279 27.843775 30.94294 34.002527 37.660859 38.393584 39.832959 
12.012169 13.244069 10.909717 12.267212 10.653815 12.418682 12.777605 13.39539 11.4234 13.361537 16.066142 14.148079 12.447177 14.989097 15.645964 15.094778 15.412375 15.124965 14.506838 12.731596 10.062591 9.694435 10.779893 8.480651 5.55912 6.023225 5.748769 3.831865 0.0 3.831847 5.530805 5.31155 5.853315 8.012131 7.481122 8.200017 9.451219 10.745679 13.747821 16.616534 20.199334 19.968543 17.851954 18.641037 22.221533 21.726834 20.189111 23.697963 25.761461 24.343545 26.11794 29.431808 32.24359 35.981906 36.931184 38.648696 
10.970646 11.210006 8.162895 8.742034 6.948956 8.648681 9.408975 10.505496 9.445264 12.254473 14.32869 12.299559 9.791415 11.762857 12.029915 11.284715 11.868741 11.880296 11.921078 10.971876 8.926359 9.977182 10.827982 9.713295 6.956007 5.283456 6.099727 6.558998 3.831847 0.0 3.725561 5.868903 5.56683 5.771286 4.223509 4.402811 6.385669 8.534981 11.037411 14.114245 17.474459 17.282327 14.732637 15.341737 18.87558 18.224886 16.486957 20.00732 22.113997 20.617682 22.305575 25.658239 28.448071 32.183399 33.141714 34.924997 
10.318736 11.111752 8.484039 8.981352 8.459272 9.411028 11.308454 13.266316 12.856544 15.892912 17.788337 15.64841 12.750586 14.133981 13.621035 11.966869 13.116333 12.535436 13.121288 12.035134 10.86805 11.613172 11.228873 9.844659 8.373093 5.975378 4.70155 6.474226 5.530805 3.725561 0.0 3.831964 5.362001 6.18448 6.387983 5.057977 4.565019 6.547865 9.797818 12.10178 15.476977 14.744967 12.665613 14.049163 17.386432 16.720444 15.7341 19.361075 21.001084 19.745837 21.958399 24.980817 27.914796 31.620659 32.615981 34.032196 
13.098155 14.541442 12.184775 12.78281 11.870921 12.379443 13.740697 15.656176 14.713709 17.372078 19.858056 18.101383 15.600212 17.180917 16.650264 15.389513 16.753922 16.346513 16.741478 15.310592 13.656953 13.606435 13.369537 10.972553 9.535576 8.4799 6.027999 5.86198 5.31155 5.868903 3.831964 0.0 3.838878 6.818341 8.461223 8.492605 8.200835 9.839105 13.376601 15.271719 18.618541 17.449506 15.719973 17.556086 20.703731 19.791563 19.115201 22.823575 24.167671 22.723601 25.166053 28.107419 30.890945 34.633434 35.849961 37.184199 
15.432823 16.116331 13.093896 12.874727 10.947967 10.794925 11.331854 13.284583 12.372416 15.077178 17.707166 16.601299 14.202223 15.487255 14.799742 14.325167 16.052133 16.531707 17.210141 16.404734 14.439814 14.988775 15.535842 13.498112 11.122423 10.121028 8.911406 8.333341 5.853315 5.56683 5.362001 3.838878 0.0 3.826823 6.317248 7.96008 9.128702 11.840647 14.857196 17.125965 20.244873 19.019538 16.653059 18.318003 21.367537 19.933817 18.857266 22.639723 24.004865 22.022197 24.281837 27.419259 29.874134 33.691308 35.178473 36.798008 
15.782751 15.549775 12.063924 10.830971 8.45683 7.422966 7.859828 10.378762 10.388537 13.64475 15.72484 14.87492 12.077763 12.587618 11.376065 11.178193 13.367543 14.505986 15.782325 15.820615 14.241456 15.715105 16.405208 15.188102 12.60593 10.818532 10.607743 10.957511 8.012131 5.771286 6.18448 6.818341 3.826823 0.0 3.819796 6.045311 8.102131 11.590197 13.834979 16.250999 18.993512 17.822047 14.900583 16.310859 19.177946 17.398041 15.995212 19.752203 21.14192 18.859036 20.937565 24.179517 26.464368 30.299114 31.885529 33.685264 
13.903932 13.105584 9.454135 8.315047 5.252682 5.510052 5.474446 7.27009 7.232963 10.730945 12.436753 11.203367 8.294314 9.17462 8.744531 8.838569 10.253401 11.559614 12.502945 12.794805 11.131005 13.134476 14.270725 13.738472 10.841405 8.908543 10.056772 10.687395 7.481122 4.223509 6.387983 8.461223 6.317248 3.819796 0.0 3.82072 7.27918 10.548975 12.165417 15.221609 18.040415 17.63033 14.446062 14.954121 18.145539 16.832212 14.73079 18.285481 20.297364 18.227258 19.735871 23.237631 25.670702 29.4623 30.716237 32.75039 
10.807585 9.784598 6.143623 4.986762 3.487672 4.809614 6.942705 8.976998 9.604777 13.136906 14.178474 12.078921 8.622838 9.29103 8.646724 7.120277 8.321051 8.637084 9.91386 10.222131 9.508732 11.800442 12.073918 12.132631 10.067701 7.040222 8.3243 10.2874 8.200017 4.402811 5.057977 8.492605 7.96008 6.045311 3.82072 0.0 3.806337 6.985712 8.357847 11.427933 14.314876 14.154103 11.094744 11.472994 14.871419 14.045662 12.119089 15.662643 17.776596 16.272819 17.920311 21.261527 24.090967 27.808061 28.743113 30.533451 
9.064328 8.591668 5.800396 5.28486 6.370027 7.230413 10.295837 12.616077 13.361778 16.803976 17.761048 15.32944 11.849564 12.34468 11.320798 8.654675 9.914767 8.962033 10.485248 10.337681 10.542098 12.365676 11.4283 11.499315 10.614609 7.058519 7.163283 10.211729 9.451219 6.385669 4.565019 8.200835 9.128702 8.102131 7.27918 3.806337 0.0 3.802124 5.904787 8.265369 11.364781 10.918858 8.421298 9.49973 12.884946 12.440947 11.403103 14.930149 16.673454 15.757385 17.894848 20.816478 23.946289 27.563637 28.341333 29.694545 
5.916009 6.19532 5.148666 6.515184 8.856834 10.544229 13.583245 15.406989 15.874643 18.997724 19.800333 16.847673 13.637067 14.53485 14.033352 11.005152 11.281558 9.013052 9.820047 8.854419 9.869245 11.171305 9.17088 9.744753 10.123583 6.533068 6.466897 10.220462 10.745679 8.534981 6.547865 9.839105 11.840647 11.590197 10.548975 6.985712 3.802124 0.0 3.805987 5.887648 9.552557 9.838005 8.444993 9.113878 12.621678 13.243542 12.580624 15.607389 17.471798 17.364977 19.387119 22.022757 25.452913 28.865281 29.206793 30.29113 
6.554856 4.76586 4.546776 5.2765 8.794502 10.572614 13.774393 15.393232 16.48375 19.620946 19.685839 16.5899 13.299946 13.606468 13.094282 9.657354 9.340828 6.400734 7.82011 7.951282 10.204409 12.304787 10.357837 12.113257 12.502425 8.876577 9.923173 13.570605 13.747821 11.037411 9.797818 13.376601 14.857196 13.834979 12.165417 8.357847 5.904787 3.805987 0.0 3.832001 7.01873 8.504559 6.896117 6.089016 9.772886 11.122057 10.145428 12.636037 14.880069 15.283055 16.858374 19.400724 22.97924 26.218804 26.21496 27.333511 
8.700551 7.747889 8.366496 8.613263 12.173092 13.213161 16.750011 18.769004 20.095247 23.347839 23.389043 20.361952 17.000735 16.942093 15.917728 12.181465 12.369553 9.496228 11.199353 11.301687 13.79836 15.503155 12.951808 14.511407 15.531798 12.00644 12.142093 15.970361 16.616534 14.114245 12.10178 15.271719 17.125965 16.250999 15.221609 11.427933 8.265369 5.887648 3.832001 0.0 3.764043 5.303048 5.411935 5.473347 8.160635 10.067822 10.398615 12.413292 13.912614 14.994814 16.964165 18.849816 22.552692 25.567286 25.441592 26.038248 
12.132187 10.709763 11.442046 10.954378 14.602815 15.111866 18.739581 20.892134 22.701775 26.03803 25.697157 22.796123 19.376617 18.712352 17.307959 13.45862 13.799526 11.165346 13.367188 14.135912 16.981055 18.935307 16.40846 18.200497 19.225656 15.666431 15.874219 19.698113 20.199334 17.474459 15.476977 18.618541 20.244873 18.993512 18.040415 14.314876 11.364781 9.552557 7.01873 3.764043 0.0 3.824234 5.233203 4.802313 5.636111 8.414406 9.600935 10.637963 11.608189 13.500353 15.389092 16.625273 20.392711 23.089601 22.716759 22.963757 
13.830072 12.936691 12.856399 11.862199 15.061597 14.788483 18.580881 21.282255 23.159684 26.721126 26.727764 24.12308 20.484192 19.656499 17.677318 13.863104 15.167908 13.16169 15.71259 16.362133 18.672318 20.496221 18.029234 19.121272 19.955012 16.346061 15.835517 19.558031 19.968543 17.282327 14.744967 17.449506 19.019538 17.822047 17.63033 14.154103 10.918858 9.838005 8.504559 5.303048 3.824234 0.0 3.842873 6.164855 6.340999 7.494956 9.747416 11.423348 11.397525 12.757864 15.460008 16.515968 20.068331 22.917128 23.094472 23.145701 
13.140388 11.598087 10.565372 8.720626 11.66636 11.089497 14.868195 17.629874 19.733442 23.36737 23.275553 20.896161 17.167322 16.063889 13.890773 10.113296 11.796417 10.400737 13.415007 14.582079 16.601509 18.890743 17.035981 18.159393 18.282419 14.539311 14.554825 18.121157 17.851954 14.732637 12.665613 15.719973 16.653059 14.900583 14.446062 11.094744 8.421298 8.444993 6.896117 5.411935 5.233203 3.842873 0.0 3.84073 5.287161 5.275681 6.554974 9.149786 9.751946 10.232927 12.89242 14.677101 18.168752 21.387343 21.859238 22.507251 
12.48907 10.009863 9.420112 7.577663 10.987515 11.127497 14.619766 16.761895 19.021082 22.445683 21.812449 19.237224 15.688541 14.445071 12.760982 8.945298 9.583886 7.789559 10.928546 12.726548 15.275844 17.965411 16.313131 18.180097 18.247497 14.530814 15.468653 19.04927 18.641037 15.341737 14.049163 17.556086 18.318003 16.310859 14.954121 11.472994 9.49973 9.113878 6.089016 5.473347 4.802313 6.164855 3.84073 0.0 3.829731 5.600286 5.175517 6.983553 8.899316 9.950984 11.543613 13.594034 17.287981 20.370001 20.33126 21.295969 
16.033897 13.634653 13.242864 11.17992 14.313945 13.807233 17.242591 19.572147 22.190364 25.666817 24.80557 22.459651 18.922038 17.174633 15.055158 11.445762 12.433965 11.123202 14.359731 16.374575 19.052114 21.759914 19.993229 21.8657 22.040267 18.309953 19.017617 22.632458 22.221533 18.87558 17.386432 20.703731 21.367537 19.177946 18.145539 14.871419 12.884946 12.621678 9.772886 8.160635 5.636111 6.340999 5.287161 3.829731 0.0 3.825154 5.306522 5.364392 6.01257 8.231901 9.916769 10.994482 14.765673 17.537064 17.377344 17.927287 
17.662772 15.372947 14.060718 11.252125 13.642191 12.147896 15.525091 18.320108 21.198013 24.848751 24.15206 22.273795 18.584396 16.438289 13.632573 10.305407 12.397846 12.117821 15.719534 17.863833 19.984822 22.806954 21.399032 22.8102 22.489334 18.739466 19.231823 22.600218 21.726834 18.224886 16.720444 19.791563 19.933817 17.398041 16.832212 14.045662 12.440947 13.243542 11.122057 10.067822 8.414406 7.494956 5.275681 5.600286 3.825154 0.0 3.822302 5.232817 4.646751 5.285509 8.114576 9.476351 12.926127 16.134452 16.805589 17.578589 
16.555896 13.731024 12.028621 8.819586 10.907884 9.644444 12.695108 15.096094 18.134099 21.659591 20.662085 18.852214 15.266913 12.88555 10.239356 7.025864 8.891957 9.227274 12.97669 15.607579 17.593627 20.75846 19.875128 21.53479 20.779962 17.128471 18.309927 21.474145 20.189111 16.486957 15.7341 19.115201 18.857266 15.995212 14.73079 12.119089 11.403103 12.580624 10.145428 10.398615 9.600935 9.747416 6.554974 5.175517 5.306522 3.822302 0.0 3.8224 5.80713 5.350832 6.842416 9.562657 12.940017 16.375461 16.943063 18.469447 
18.882879 15.782202 14.706295 11.825778 14.079406 13.10453 15.792453 17.766596 20.959329 24.274031 22.796285 20.99838 17.685865 15.069674 12.7382 9.986635 10.972864 11.120241 14.664922 17.60309 20.016963 23.279351 22.305492 24.371489 23.822417 20.203807 21.596849 24.868489 23.697963 20.00732 19.361075 22.823575 22.639723 19.752203 18.285481 15.662643 14.930149 15.607389 12.636037 12.413292 10.637963 11.423348 9.149786 6.983553 5.364392 5.232817 3.8224 0.0 3.814216 5.2686 5.075377 7.026697 10.697696 13.694389 13.664164 15.19452 
21.35024 18.613349 17.489592 14.533966 16.6981 15.1112 17.953905 20.395213 23.666232 27.143901 25.879656 24.272159 20.822334 18.116597 15.309093 12.603503 14.292751 14.476097 18.095934 20.783992 23.122366 26.227171 25.014197 26.784689 26.352833 22.642723 23.523546 26.851018 25.761461 22.113997 21.001084 24.167671 24.004865 21.14192 20.297364 17.776596 16.673454 17.471798 14.880069 13.912614 11.608189 11.397525 9.751946 8.899316 6.01257 4.646751 5.80713 3.814216 0.0 3.808627 5.075947 5.130292 8.80887 11.720599 12.164327 13.059278 
21.773365 19.067721 17.21648 13.799035 15.174128 12.904151 15.41413 18.079691 21.511394 25.036774 23.904862 22.741541 19.271006 16.291182 13.026861 10.865373 13.307338 14.373948 18.135069 20.898663 22.704609 25.905553 25.113847 26.550183 25.623068 22.002475 22.881242 25.891279 24.343545 20.617682 19.745837 22.723601 22.022197 18.859036 18.227258 16.272819 15.757385 17.364977 15.283055 14.994814 13.500353 12.757864 10.232927 9.950984 8.231901 5.285509 5.350832 5.2686 3.808627 0.0 3.829117 5.530117 8.328362 11.951121 13.371908 14.855204 
23.128698 19.993015 18.290601 14.904084 16.124335 14.232758 16.165709 18.189 21.80586 25.040633 23.354145 22.345033 19.214903 15.919738 13.044851 11.498584 13.177475 14.587067 18.187497 21.383078 23.311949 26.757643 26.254188 28.072518 27.001566 23.489692 24.900381 27.843775 26.11794 22.305575 21.958399 25.166053 24.281837 20.937565 19.735871 17.920311 17.894848 19.387119 16.858374 16.964165 15.389092 15.460008 12.89242 11.543613 9.916769 8.114576 6.842416 5.075377 5.075947 3.829117 0.0 3.841334 6.489901 9.99556 10.998353 13.260566 
25.78998 22.760246 21.39623 18.164982 19.697855 17.772598 19.878652 22.01396 25.621125 28.879329 27.176811 26.126974 22.98784 19.741513 16.867339 15.146193 16.773614 17.775253 21.351336 24.457573 26.636101 29.996147 29.193212 31.057625 30.25828 26.652358 27.828803 30.94294 29.431808 25.658239 24.980817 28.107419 27.419259 24.179517 23.237631 21.261527 20.816478 22.022757 19.400724 18.849816 16.625273 16.515968 14.677101 13.594034 10.994482 9.476351 9.562657 7.026697 5.130292 5.530117 3.841334 0.0 3.821907 6.844966 7.843327 9.624811 
29.367405 26.302364 24.722202 21.333995 22.446179 20.203629 21.871297 23.931838 27.669944 30.806721 28.982928 28.362333 25.394648 21.906673 18.933015 17.809544 19.591764 21.031877 24.590468 27.811632 29.800967 33.240447 32.64624 34.42378 33.398892 29.856529 31.046757 34.002527 32.24359 28.448071 27.914796 30.890945 29.874134 26.464368 25.670702 24.090967 23.946289 25.452913 22.97924 22.552692 20.392711 20.068331 18.168752 17.287981 14.765673 12.926127 12.940017 10.697696 8.80887 8.328362 6.489901 3.821907 0.0 3.841226 6.424947 8.681044 
32.563666 29.442574 28.111544 24.839144 26.094012 23.978761 25.606468 27.517894 31.27039 34.307114 32.298711 31.693013 28.850529 25.345599 22.539587 21.445325 22.967019 24.250368 27.705175 30.979483 33.148304 36.603077 35.923174 37.855902 36.954557 33.395384 34.621121 37.660859 35.981906 32.183399 31.620659 34.633434 33.691308 30.299114 29.4623 27.808061 27.563637 28.865281 26.218804 25.567286 23.089601 22.917128 21.387343 20.370001 17.537064 16.134452 16.375461 13.694389 11.720599 11.951121 9.99556 6.844966 3.841226 0.0 3.827453 5.962573 
32.344968 29.11236 28.224894 25.238008 26.856672 25.215228 26.977786 28.623385 32.2964 35.233004 33.011408 32.112222 29.384066 26.026678 23.598764 22.271305 23.228582 24.111485 27.346183 30.645167 33.122193 36.563842 35.750892 37.997637 37.339286 33.784818 35.199866 38.393584 36.931184 33.141714 32.615981 35.849961 35.178473 31.885529 30.716237 28.743113 28.341333 29.206793 26.21496 25.441592 22.716759 23.094472 21.859238 20.33126 17.377344 16.805589 16.943063 13.664164 12.164327 13.371908 10.998353 7.843327 6.424947 3.827453 0.0 3.811749 
33.494797 30.480356 29.846011 27.007115 28.952422 27.307538 29.425291 31.330033 34.941274 38.036442 35.992662 34.873293 31.961124 28.750392 26.208307 24.471151 25.544812 26.018011 29.281273 32.366719 35.025056 38.313397 37.155589 39.356472 39.000938 35.352708 36.476227 39.832959 38.648696 34.924997 34.032196 37.184199 36.798008 33.685264 32.75039 30.533451 29.694545 30.29113 27.333511 26.038248 22.963757 23.145701 22.507251 21.295969 17.927287 17.578589 18.469447 15.19452 13.059278 14.855204 13.260566 9.624811 8.681044 5.962573 3.811749 0.0 

